
506	506	510	486	446	416	406	396	
506	506	510	486	444	414	400	391	
506	506	510	486	444	414	400	390	
506	507	510	486	444	413	399	389	
506	506	510	486	444	413	399	389	
506	506	510	486	444	413	401	Hi!
506	507	510	486	395	361	355	348	
506	506	510	486	431	392	376	364	
506	506	509	486	444	410	393	380	
506	507	510	486	448	418	403	391	
506	506	509	486	450	422	408	397	
506	506	509	486	451	423	410	401	
506	506	510	486	451	424	411	403	
506	507	509	486	451	425	412	403	
506	507	510	486	451	425	413	404	
506	506	510	486	451	425	413	405	
506	506	509	486	451	425	413	405	
506	506	510	486	451	425	413	405	Stable!
---Calibrated baselines---
506	506	510	486	451	425	413	405	
506	506	510	486	409	On: 4Val: 409 Base: 451
374	On: 5Val: 374 Base: 425
366	On: 6Val: 366 Base: 413
365	On: 7Val: 365 Base: 405

506	506	510	486	432	Off: 4Val: 432 Base: 451
392	378	369	
506	506	510	486	441	406	Off: 5Val: 406 Base: 425
389	377	
506	506	510	486	444	412	397	Off: 6Val: 397 Base: 413
384	
506	506	510	485	444	413	399	388	Off: 7Val: 388 Base: 405

507	506	509	486	444	414	400	390	
506	507	509	486	444	413	399	389	
506	506	510	486	444	413	399	390	
506	506	510	486	445	414	401	391	
506	506	510	486	445	415	402	392	
506	507	510	486	444	414	401	391	
506	507	510	486	444	414	401	391	
